%YAML:1.0
cameraMatrix: !!opencv-matrix
   rows: 3
   cols: 3
   dt: d
   data: [ 3.6614440245193435e+02, 0., 2.4918739955984543e+02, 0.,
       3.6595877033363951e+02, 2.0076401662702253e+02, 0., 0., 1. ]
distortionCoefficients: !!opencv-matrix
   rows: 1
   cols: 5
   dt: d
   data: [ 1.2340862800216754e-01, -3.3684832835771805e-01,
       -3.5066803359196405e-03, -1.0414203236887613e-03,
       1.4861147748033304e-01 ]
rotation: !!opencv-matrix
   rows: 3
   cols: 3
   dt: d
   data: [ 1., 0., 0., 0., 1., 0., 0., 0., 1. ]
projection: !!opencv-matrix
   rows: 4
   cols: 4
   dt: d
   data: [ 3.6614440245193435e+02, 0., 2.4918739955984543e+02, 0., 0.,
       3.6595877033363951e+02, 2.0076401662702253e+02, 0., 0., 0., 1.,
       0., 0., 0., 0., 1. ]
