<?xml version="1.0"?>
<opencv_storage>
<r_C type_id="opencv-matrix">
  <rows>3</rows>
  <cols>1</cols>
  <dt>d</dt>
  <data>
    -1.8358825153401330e+000 -1.9664634444999782e+000
    1.7678038935741941e-001</data></r_C>
<t_C type_id="opencv-matrix">
  <rows>3</rows>
  <cols>1</cols>
  <dt>d</dt>
  <data>
    -5.2384754433116443e-001 6.8755468257207270e-002
    2.7270887983750898e+000</data></t_C>
</opencv_storage>
