<?xml version="1.0"?>
<opencv_storage>
<Camera_uri>svp2://192.168.1.202</Camera_uri>
<R_Points type_id="opencv-matrix">
  <rows>4</rows>
  <cols>3</cols>
  <dt>d</dt>
  <data>
    1.9290000000000000e+000 -1.2500000000000000e-001 -5.0500000000000000e-001 
    1.6170000000000000e+000 -8.5799999999999998e-001 -5.0400000000000000e-001
    1.0620000000000001e+000 -6.2100000000000000e-001 -5.0400000000000000e-001 
    1.3779999999999999e+000  1.0900000000000000e-001 -5.0200000000000000e-001</data></R_Points>
<W_points type_id="opencv-matrix">
  <rows>4</rows>
  <cols>3</cols>
  <dt>d</dt>
  <data>
    	0. 0. 0. 
	0. 8.0000000000000004e-001 0. 
	5.9999999999999998e-001 8.0000000000000004e-001 0. 
	5.9999999999999998e-001 0. 0.</data></W_points>
</opencv_storage>
