<?xml version="1.0"?>
<opencv_storage>
<robToCheck>
  <tvec type_id="opencv-matrix">
    <rows>3</rows>
    <cols>1</cols>
    <dt>d</dt>
    <data>
      6.4111684204765917e-001 3.0332881740958678e-001
      2.9427904070144653e+000</data></tvec>
  <rpy type_id="opencv-matrix">
    <rows>1</rows>
    <cols>3</cols>
    <dt>d</dt>
    <data>
      -7.6157241892337941e+000 8.3069726396922036e+001
      1.7301430169667037e+002</data></rpy></robToCheck>
</opencv_storage>
