%YAML:1.0
cameraMatrix: !!opencv-matrix
   rows: 3
   cols: 3
   dt: d
   data: [ 1.0715343894711116e+03, 0., 9.3849720410598741e+02, 0.,
       1.0694849705128345e+03, 5.2841482902222151e+02, 0., 0., 1. ]
distortionCoefficients: !!opencv-matrix
   rows: 1
   cols: 5
   dt: d
   data: [ 6.3492192954778606e-02, -8.8286530175942166e-02,
       -4.9736902887913061e-05, -1.4824567696121864e-04,
       3.2100014596324104e-02 ]
rotation: !!opencv-matrix
   rows: 3
   cols: 3
   dt: d
   data: [ 1., 0., 0., 0., 1., 0., 0., 0., 1. ]
projection: !!opencv-matrix
   rows: 4
   cols: 4
   dt: d
   data: [ 1.0715343894711116e+03, 0., 9.3849720410598741e+02, 0., 0.,
       1.0694849705128345e+03, 5.2841482902222151e+02, 0., 0., 0., 1.,
       0., 0., 0., 0., 1. ]
