%YAML:1.0
rotation: !!opencv-matrix
   rows: 3
   cols: 3
   dt: d
   data: [ 9.9988469261988200e-01, 1.5090227994710742e-02,
       -1.6989654239391546e-03, -1.5088230477550237e-02,
       9.9988546697647329e-01, 1.1824678838305369e-03,
       1.7166145462557132e-03, -1.1566971546669905e-03,
       9.9999785764080118e-01 ]
translation: !!opencv-matrix
   rows: 3
   cols: 1
   dt: d
   data: [ -5.3351935587516719e-02, -4.3126671199016824e-03,
       4.9001221815791621e-03 ]
essential: !!opencv-matrix
   rows: 3
   cols: 3
   dt: d
   data: [ 6.6530985732640710e-05, -4.8945725059834399e-03,
       -4.3184521177261695e-03, 4.9911418700285745e-03,
       1.2231928831911800e-05, 5.3343496150347162e-02,
       5.1171561381226326e-03, -5.3280745898918271e-02,
       -7.0414022694106231e-05 ]
fundamental: !!opencv-matrix
   rows: 3
   cols: 3
   dt: d
   data: [ 6.8589382465540441e-08, -5.0485648646540092e-06,
       -6.3361842779909082e-04, 5.1554226730345837e-06,
       1.2640945172359230e-08, 1.8887084780344870e-02,
       2.8642805927949718e-03, -5.4156992501950531e-02, 1. ]
