<?xml version="1.0"?>
<opencv_storage>
<r_C type_id="opencv-matrix">
  <rows>3</rows>
  <cols>1</cols>
  <dt>d</dt>
  <data>
    -9.7385295209200184e-001 -6.4472066921272853e-001
    -7.4806874633417098e-001</data></r_C>
<t_C type_id="opencv-matrix">
  <rows>3</rows>
  <cols>1</cols>
  <dt>d</dt>
  <data>
    -8.2911948807394636e-002 7.4884657100932417e-001
    3.6745127414428631e+000</data></t_C>
</opencv_storage>
