%YAML:1.0
depthShift: -1.3417783817742336e+01
