<?xml version="1.0"?>
<opencv_storage>
<r_C type_id="opencv-matrix">
  <rows>3</rows>
  <cols>1</cols>
  <dt>d</dt>
  <data>
    -4.9158554745321298e-002 1.2763218498588451e+000
    2.8307500185305603e+000</data></r_C>
<t_C type_id="opencv-matrix">
  <rows>3</rows>
  <cols>1</cols>
  <dt>d</dt>
  <data>
    -7.1960794720739740e-002 6.1009803467410140e-001
    2.8392207678134822e+000</data></t_C>
</opencv_storage>
