<?xml version="1.0"?>
<opencv_storage>
<r_C type_id="opencv-matrix">
  <rows>3</rows>
  <cols>1</cols>
  <dt>d</dt>
  <data>
    -9.7713988248542702e-002 1.1156915616373926e+000
    2.8620629036795981e+000</data></r_C>
<t_C type_id="opencv-matrix">
  <rows>3</rows>
  <cols>1</cols>
  <dt>d</dt>
  <data>
    3.8124019060295228e-001 7.3329702026662402e-001
    2.4849177122802861e+000</data></t_C>
</opencv_storage>
