<?xml version="1.0"?>
<opencv_storage>
<r_C type_id="opencv-matrix">
  <rows>3</rows>
  <cols>1</cols>
  <dt>d</dt>
  <data>
    1.9446521428851320e+000 -4.0692824279448375e-001
    -8.3878382727070239e-002</data></r_C>
<t_C type_id="opencv-matrix">
  <rows>3</rows>
  <cols>1</cols>
  <dt>d</dt>
  <data>
    -3.1654160272760162e-001 1.0622445431106771e+000
    3.3878821221394748e+000</data></t_C>
</opencv_storage>
